99.955    0
266.364    0.154567
432.773    0.369751
599.182    0.46648
765.591    0.527363
932    0.570686
1098.41    0.603641
1264.82    0.629848
1431.23    0.651449
1597.64    0.669672
1764.05    0.68545
1930.45    0.699264
2096.86    0.711382
2263.27    0.722062
2429.68    0.731713
2596.09    0.740506
2762.5    0.748439
2928.91    0.755725
3095.32    0.762489
3261.73    0.768714
3428.14    0.774506
3594.54    0.77993
3760.95    0.785031
3927.36    0.78987
4093.77    0.794367
4260.18    0.798625
4426.59    0.80267
4593    0.806499
4759.41    0.810199
4925.82    0.813736
5092.23    0.81708
5258.63    0.820173
5425.04    0.82317
5591.45    0.826111
5757.86    0.828837
5924.27    0.831434
6090.68    0.834018
6257.09    0.836504
6423.5    0.838796
6589.91    0.841006
6756.32    0.843223
6922.72    0.845416
7089.13    0.847496
7255.54    0.849447
7421.95    0.851302
7588.36    0.853069
7754.77    0.854816
7921.18    0.856515
8087.59    0.858184
8254    0.859802
8420.41    0.861329
8586.81    0.862812
8753.22    0.864315
8919.63    0.865805
9086.04    0.867234
9252.45    0.868534
9418.86    0.869809
9585.27    0.871152
9751.68    0.872414
9918.09    0.873652
10084.5    0.874908
10250.9    0.876131
10417.3    0.877339
10583.7    0.878502
10750.1    0.879588
10916.5    0.880647
11082.9    0.88172
11249.4    0.882781
11415.8    0.883793
11582.2    0.884793
11748.6    0.885776
11915    0.886692
12081.4    0.887577
12247.8    0.888449
12414.2    0.889322
12580.6    0.890201
12747    0.891059
12913.4    0.891924
13079.9    0.892813
13246.3    0.893661
13412.7    0.894457
13579.1    0.895269
13745.5    0.896061
13911.9    0.896788
14078.3    0.89752
14244.7    0.898229
14411.1    0.898918
14577.5    0.89965
14743.9    0.900381
14910.4    0.901087
15076.8    0.901799
15243.2    0.9025
15409.6    0.903184
15576    0.903838
15742.4    0.904464
15908.8    0.905096
16075.2    0.90573
16241.6    0.906348
16408    0.906999
16574.4    0.907671
16740.9    0.908227
16907.3    0.908767
17073.7    0.909349
17240.1    0.9099
17406.5    0.910429
17572.9    0.91095
17739.3    0.911468
17905.7    0.912
18072.1    0.91253
18238.5    0.913058
18404.9    0.913583
18571.4    0.914085
18737.8    0.914572
18904.2    0.915041
19070.6    0.915508
19237    0.91596
19403.4    0.916393
19569.8    0.916845
19736.2    0.917302
19902.6    0.917759
20069    0.918216
20235.4    0.918652
20401.9    0.919079
20568.3    0.919473
20734.7    0.919869
20901.1    0.920269
21067.5    0.920647
21233.9    0.921043
21400.3    0.921447
21566.7    0.921846
21733.1    0.922233
21899.5    0.922589
22065.9    0.922952
22232.4    0.923318
22398.8    0.923651
22565.2    0.924005
22731.6    0.924354
22898    0.924693
23064.4    0.925055
23230.8    0.925416
23397.2    0.925784
23563.6    0.92615
23730    0.926487
23896.4    0.926817
24062.9    0.927136
24229.3    0.92746
24395.7    0.927798
24562.1    0.928105
24728.5    0.928419
24894.9    0.92875
25061.3    0.929067
25227.7    0.929373
25394.1    0.929673
25560.5    0.929971
25726.9    0.930261
25893.4    0.930555
26059.8    0.930863
26226.2    0.931145
26392.6    0.931399
26559    0.931684
26725.4    0.931975
26891.8    0.932263
27058.2    0.932551
27224.6    0.932817
27391    0.933087
27557.4    0.933355
27723.8    0.933619
27890.3    0.933879
28056.7    0.93414
28223.1    0.9344
28389.5    0.93465
28555.9    0.934918
28722.3    0.935159
28888.7    0.93539
29055.1    0.935641
29221.5    0.935883
29387.9    0.936129
29554.3    0.936368
29720.8    0.936609
29887.2    0.936854
30053.6    0.937095
30220    0.937342
30386.4    0.937566
30552.8    0.937772
30719.2    0.937992
30885.6    0.938208
31052    0.93841
31218.4    0.938629
31384.8    0.938851
31551.3    0.939065
31717.7    0.939292
31884.1    0.939529
32050.5    0.939746
32216.9    0.939948
32383.3    0.940162
32549.7    0.940387
32716.1    0.940619
32882.5    0.940823
33048.9    0.941014
33215.3    0.941216
33381.8    0.94141
33548.2    0.941579
33714.6    0.941765
33881    0.941971
34047.4    0.942142
34213.8    0.942319
34380.2    0.942522
34546.6    0.942709
34713    0.942887
34879.4    0.943076
35045.8    0.943258
35212.3    0.943437
35378.7    0.943617
35545.1    0.943798
35711.5    0.94399
35877.9    0.944178
36044.3    0.944358
36210.7    0.944527
36377.1    0.944702
36543.5    0.94487
36709.9    0.945031
36876.3    0.945196
37042.8    0.945366
37209.2    0.945538
37375.6    0.945692
37542    0.945838
37708.4    0.946006
37874.8    0.946192
38041.2    0.946364
38207.6    0.946532
38374    0.946697
38540.4    0.946856
38706.8    0.947021
38873.3    0.947174
39039.7    0.947326
39206.1    0.947488
39372.5    0.947651
39538.9    0.947807
39705.3    0.947952
39871.7    0.948103
40038.1    0.948286
40204.5    0.948467
40370.9    0.948635
40537.3    0.948802
40703.8    0.948971
40870.2    0.949132
41036.6    0.949273
41203    0.949395
41369.4    0.949523
41535.8    0.949683
41702.2    0.94985
41868.6    0.949996
42035    0.950137
42201.4    0.950287
42367.8    0.950427
42534.3    0.950569
42700.7    0.950708
42867.1    0.950843
43033.5    0.950991
43199.9    0.95113
43366.3    0.951258
43532.7    0.951396
43699.1    0.951523
43865.5    0.951631
44031.9    0.951742
44198.3    0.951845
44364.7    0.951953
44531.2    0.952078
44697.6    0.95221
44864    0.952351
45030.4    0.952491
45196.8    0.952614
45363.2    0.95273
45529.6    0.952847
45696    0.952958
45862.4    0.953066
46028.8    0.953189
46195.2    0.953316
46361.7    0.953421
46528.1    0.953527
46694.5    0.953639
46860.9    0.953754
47027.3    0.953874
47193.7    0.954002
47360.1    0.95413
47526.5    0.954247
47692.9    0.95436
47859.3    0.95448
48025.7    0.954605
48192.2    0.954717
48358.6    0.954834
48525    0.954953
48691.4    0.955067
48857.8    0.955176
49024.2    0.955281
49190.6    0.955402
49357    0.955529
49523.4    0.955646
49689.8    0.955763
49856.2    0.955878
50022.7    0.955988
50189.1    0.95608
50355.5    0.956185
50521.9    0.956308
50688.3    0.956412
50854.7    0.956515
51021.1    0.956623
51187.5    0.956715
51353.9    0.956801
51520.3    0.956907
51686.7    0.957015
51853.2    0.957101
52019.6    0.957185
52186    0.957289
52352.4    0.957392
52518.8    0.95748
52685.2    0.957586
52851.6    0.957702
53018    0.9578
53184.4    0.957895
53350.8    0.95799
53517.2    0.958086
53683.7    0.958179
53850.1    0.958271
54016.5    0.95837
54182.9    0.958466
54349.3    0.958554
54515.7    0.958643
54682.1    0.958739
54848.5    0.95882
55014.9    0.958877
55181.3    0.958962
55347.7    0.959064
55514.2    0.959149
55680.6    0.959234
55847    0.959321
56013.4    0.959404
56179.8    0.959485
56346.2    0.95957
56512.6    0.959663
56679    0.95975
56845.4    0.959835
57011.8    0.959934
57178.2    0.960034
57344.7    0.960122
57511.1    0.960203
57677.5    0.960289
57843.9    0.960382
58010.3    0.96047
58176.7    0.960564
58343.1    0.960662
58509.5    0.960748
58675.9    0.960823
58842.3    0.960905
59008.7    0.960995
59175.2    0.961088
59341.6    0.961187
59508    0.961273
59674.4    0.961358
59840.8    0.961457
60007.2    0.961558
60173.6    0.961644
60340    0.961718
60506.4    0.961808
60672.8    0.961889
60839.2    0.961957
61005.6    0.962029
61172.1    0.962106
61338.5    0.962187
61504.9    0.962256
61671.3    0.962325
61837.7    0.9624
62004.1    0.962474
62170.5    0.96255
62336.9    0.962628
62503.3    0.962695
62669.7    0.962756
62836.1    0.962837
63002.6    0.962931
63169    0.963015
63335.4    0.963079
63501.8    0.963126
63668.2    0.963189
63834.6    0.963271
64001    0.963334
64167.4    0.963382
64333.8    0.963437
64500.2    0.963494
64666.6    0.963548
64833.1    0.963618
64999.5    0.963691
65165.9    0.963754
65332.3    0.963823
65498.7    0.963892
65665.1    0.963966
65831.5    0.964032
65997.9    0.964088
66164.3    0.964156
66330.7    0.964225
66497.1    0.964287
66663.6    0.964352
66830    0.964416
66996.4    0.964478
67162.8    0.964535
67329.2    0.964596
67495.6    0.964663
67662    0.964719
67828.4    0.964775
67994.8    0.964843
68161.2    0.964917
68327.6    0.964983
68494.1    0.965048
68660.5    0.965108
68826.9    0.965174
68993.3    0.965238
69159.7    0.965293
69326.1    0.965349
69492.5    0.965398
69658.9    0.965445
69825.3    0.965497
69991.7    0.965556
70158.1    0.965622
70324.6    0.965693
70491    0.96577
70657.4    0.965843
70823.8    0.965912
70990.2    0.965984
71156.6    0.96605
71323    0.966108
71489.4    0.966167
71655.8    0.966231
71822.2    0.966295
71988.6    0.966353
72155.1    0.966407
72321.5    0.966473
72487.9    0.966531
72654.3    0.966574
72820.7    0.966622
72987.1    0.966674
73153.5    0.966731
73319.9    0.966795
73486.3    0.96686
73652.7    0.966913
73819.1    0.966966
73985.6    0.967021
74152    0.967076
74318.4    0.967135
74484.8    0.967189
74651.2    0.96724
74817.6    0.967299
74984    0.967371
75150.4    0.967434
75316.8    0.967476
75483.2    0.967524
75649.6    0.967584
75816.1    0.967644
75982.5    0.967699
76148.9    0.967755
76315.3    0.967814
76481.7    0.967866
76648.1    0.967921
76814.5    0.967988
76980.9    0.968055
77147.3    0.968105
77313.7    0.968152
77480.1    0.968206
77646.5    0.968255
77813    0.968297
77979.4    0.968334
78145.8    0.968383
78312.2    0.968446
78478.6    0.968513
78645    0.968572
78811.4    0.968631
78977.8    0.968686
79144.2    0.968726
79310.6    0.968778
79477    0.968842
79643.5    0.968899
79809.9    0.968944
79976.3    0.968985
80142.7    0.969035
80309.1    0.969085
80475.5    0.969134
80641.9    0.969185
80808.3    0.969242
80974.7    0.969292
81141.1    0.969337
81307.5    0.969389
81474    0.96943
81640.4    0.969473
81806.8    0.969522
81973.2    0.969573
82139.6    0.969635
82306    0.969691
82472.4    0.969735
82638.8    0.969782
82805.2    0.96984
82971.6    0.969898
83138    0.969944
83304.5    0.97
83470.9    0.970053
83637.3    0.970087
83803.7    0.97013
83970.1    0.970177
84136.5    0.970214
84302.9    0.970258
84469.3    0.970303
84635.7    0.970348
84802.1    0.970394
84968.5    0.970449
85135    0.970498
85301.4    0.970534
85467.8    0.970574
85634.2    0.970631
85800.6    0.97069
85967    0.970735
86133.4    0.97077
86299.8    0.970816
86466.2    0.970867
86632.6    0.970914
86799    0.970955
86965.5    0.970999
87131.9    0.97104
87298.3    0.971078
87464.7    0.971121
87631.1    0.971165
87797.5    0.971203
87963.9    0.971242
88130.3    0.971285
88296.7    0.971336
88463.1    0.971383
88629.5    0.971429
88796    0.971474
88962.4    0.971519
89128.8    0.971569
89295.2    0.971624
89461.6    0.971673
89628    0.971721
89794.4    0.971766
89960.8    0.971798
90127.2    0.971828
90293.6    0.971875
90460    0.971928
90626.5    0.97197
90792.9    0.972006
90959.3    0.972043
91125.7    0.972082
91292.1    0.972134
97615.6    0.973595
97782    0.973629
136555    0.979977
289485    0.989631
393657    0.992185
448406    0.993177
448572    0.993184
448739    0.993188
480689    0.993691
535438    0.994399
2.80076e+06    0.99939
3.67657e+06    0.999618
5.98001e+06    0.999877
9.324e+06    0.99996
1.6641e+07    1
